(299;300)
sum0: 1088.000000
avg0: 544.000000

(301;304)
sum1: 1656.000000
avg1: 414.000000

(305;320)
sum2: 7947.000000
avg2: 496.687500

(321;336)
sum3: 8590.000000
avg3: 536.875000

	--zmiana--
(299;336)
sum4: 19281.000000
avg4: 507.394737

(932;932)
sum5: 577.000000
avg5: 577.000000

(933;936)
sum6: 2468.000000
avg6: 617.000000

(937;944)
sum7: 3820.000000
avg7: 477.500000

(945;952)
sum8: 3729.000000
avg8: 466.125000

(953;956)
sum9: 1029.000000
avg9: 257.250000

	--zmiana--
(932;956)
sum10: 11623.000000
avg10: 464.920000

(845;848)
sum11: 1819.000000
avg11: 454.750000

(849;864)
sum12: 8561.000000
avg12: 535.062500

(865;896)
sum13: 15493.000000
avg13: 484.156250

(897;960)
sum14: 27418.000000
avg14: 428.406250

(961;976)
sum15: 7454.000000
avg15: 465.875000

(977;980)
sum16: 2546.000000
avg16: 636.500000

	--zmiana--
(845;980)
sum17: 63291.000000
avg17: 465.375000

(24;24)
sum18: 135.000000
avg18: 135.000000

(25;32)
sum19: 5192.000000
avg19: 649.000000

(33;64)
sum20: 17575.000000
avg20: 549.218750

(65;128)
sum21: 32602.000000
avg21: 509.406250

(129;256)
sum22: 66859.000000
avg22: 522.335938

(257;512)
sum23: 130102.000000
avg23: 508.210938

(513;528)
sum24: 8584.000000
avg24: 536.500000

(529;536)
sum25: 2700.000000
avg25: 337.500000

(537;540)
sum26: 3233.000000
avg26: 808.250000

(541;542)
sum27: 1300.000000
avg27: 650.000000

(543;543)
sum28: 78.000000
avg28: 78.000000

	--zmiana--
(24;543)
sum29: 268360.000000
avg29: 516.076923

(152;152)
sum30: 516.076923
avg30: 516.076923

(153;160)
sum31: 4128.615385
avg31: 516.076923

(161;192)
sum32: 16514.461538
avg32: 516.076923

(193;256)
sum33: 33028.923077
avg33: 516.076923

(257;512)
sum34: 132115.692308
avg34: 516.076923

(513;768)
sum35: 135010.384615
avg35: 527.384315

(769;832)
sum36: 33464.000000
avg36: 522.875000

(833;848)
sum37: 7797.500000
avg37: 487.343750

(849;856)
sum38: 3723.000000
avg38: 465.375000

(857;860)
sum39: 1861.500000
avg39: 465.375000

(861;861)
sum40: 465.375000
avg40: 465.375000

	--zmiana--
(152;861)
sum41: 368625.528846
avg41: 519.190886

(312;312)
sum42: 519.190886
avg42: 519.190886

(313;320)
sum43: 4153.527086
avg43: 519.190886

(321;384)
sum44: 33228.216685
avg44: 519.190886

(385;416)
sum45: 16614.108342
avg45: 519.190886

(417;432)
sum46: 8307.054171
avg46: 519.190886

(433;436)
sum47: 2076.763543
avg47: 519.190886

	--zmiana--
(312;436)
sum48: 64898.860712
avg48: 519.190886

wyn for 310: 519.190886
